Number of arrays holding file input = 12

Phase 1 : Sorted file chunks 0 and 1:
sort file chunk[0] :
----------------------------------------------------------------------
0,0,16,23,31,40,41,86,90,116,143,163,180,201,209,267,284,311,343,365,390,
397,408,413,424,434,462,481,486,493,507,526,528,543,571,588,616,651,685,
707,714,770,810,825,829,918,937,940,988,990,
----------------------------------------------------------------------

sort file chunk[1] :
----------------------------------------------------------------------
7,12,13,20,22,36,54,76,103,138,145,145,153,164,194,196,201,220,229,265,
298,313,338,340,340,345,419,509,511,517,523,526,528,534,558,577,587,698,
727,736,757,784,816,839,844,895,942,969,977,979,
----------------------------------------------------------------------

Chunk 1 size: 50. Chunk 2 size: 50

Phase 1 : Sorted file chunks 2 and 3:
sort file chunk[2] :
----------------------------------------------------------------------
80,194,238,251,282,312,332,340,378,392,424,426,449,510,521,543,553,609,
642,673,742,846,871,878,897,904,929,939,
----------------------------------------------------------------------

sort file chunk[3] :
----------------------------------------------------------------------
47,63,81,152,202,205,221,228,266,287,334,336,371,382,394,402,426,442,457,
479,491,492,494,498,524,544,544,559,680,714,750,771,800,803,804,804,808,
816,819,824,829,868,903,922,946,963,967,985,990,993,
----------------------------------------------------------------------

Chunk 1 size: 28. Chunk 2 size: 50

Phase 1 : Sorted file chunks 4 and 5:
sort file chunk[4] :
----------------------------------------------------------------------
10,69,85,116,168,173,210,214,218,238,238,252,258,268,286,300,311,325,379,
391,422,474,521,529,574,582,585,592,623,687,689,694,704,718,740,792,807,
811,814,817,825,880,909,932,933,948,957,957,971,979,
----------------------------------------------------------------------

sort file chunk[5] :
----------------------------------------------------------------------
21,45,140,143,165,207,211,233,264,281,372,381,464,503,528,534,580,604,646,
650,763,774,841,855,896,898,911,993,
----------------------------------------------------------------------

Chunk 1 size: 50. Chunk 2 size: 28

Phase 1 : Sorted file chunks 6 and 7:
sort file chunk[6] :
----------------------------------------------------------------------
5,29,31,59,90,114,121,126,177,188,237,244,251,253,258,260,279,361,374,380,
391,403,406,408,541,551,570,573,588,589,613,625,634,653,655,665,711,750,
809,810,828,843,866,880,903,913,922,937,941,970,
----------------------------------------------------------------------

sort file chunk[7] :
----------------------------------------------------------------------
3,38,41,57,120,129,134,166,190,209,233,246,247,274,315,322,322,350,353,
355,408,409,424,433,434,445,451,481,491,521,526,539,547,593,602,603,644,
673,677,696,719,802,816,832,960,966,976,981,994,995,
----------------------------------------------------------------------

Chunk 1 size: 50. Chunk 2 size: 50

Phase 1 : Sorted file chunks 8 and 9:
sort file chunk[8] :
----------------------------------------------------------------------
44,46,108,166,275,314,338,385,416,417,421,436,470,505,510,519,580,586,679,
703,709,786,823,824,880,892,932,966,
----------------------------------------------------------------------

sort file chunk[9] :
----------------------------------------------------------------------
45,63,67,78,84,122,129,152,217,217,224,229,232,238,254,258,267,273,278,
285,295,306,388,421,437,466,470,481,483,493,524,541,561,563,582,598,654,
656,683,717,717,720,731,744,816,824,838,844,901,934,
----------------------------------------------------------------------

Chunk 1 size: 28. Chunk 2 size: 50

Phase 1 : Sorted file chunks 10 and 11:
sort file chunk[10] :
----------------------------------------------------------------------
28,40,61,65,67,68,71,109,110,145,148,179,274,334,344,345,427,431,449,468,
483,510,528,533,552,595,622,652,659,727,729,743,757,758,807,812,837,882,
888,912,915,937,952,966,977,979,988,989,991,992,
----------------------------------------------------------------------

sort file chunk[11] :
----------------------------------------------------------------------
39,40,71,91,166,173,228,233,318,435,486,494,575,602,608,620,646,678,707,
717,745,752,771,826,874,937,990,994,
----------------------------------------------------------------------

Chunk 1 size: 50. Chunk 2 size: 28
[0, 3, 5, 7, 10, 12, 13, 20, 21, 22, 28, 29]
[31, 36, 38, 39, 40, 40, 41, 44, 45, 45, 46, 47]
[54, 57, 59, 61, 63, 63, 65, 67, 67, 68, 69, 71]
[71, 76, 78, 80, 81, 84, 85, 90, 91, 103, 108, 109]
[110, 114, 116, 120, 121, 122, 126, 129, 129, 134, 138, 140]
[143, 145, 145, 145, 148, 152, 152, 153, 164, 165, 166, 166]
[166, 168, 173, 173, 177, 179, 188, 190, 194, 194, 196, 201]
[202, 205, 207, 209, 210, 211, 214, 217, 217, 218, 220, 221]
[224, 228, 228, 229, 229, 232, 233, 233, 233, 237, 238, 238]
[238, 238, 244, 246, 247, 251, 251, 252, 253, 254, 258, 258]
[258, 260, 264, 265, 266, 267, 268, 273, 274, 274, 275, 278]
[279, 281, 282, 285, 286, 287, 295, 298, 300, 306, 311, 312]
[313, 314, 315, 318, 322, 322, 325, 332, 334, 334, 336, 338]
[338, 340, 340, 340, 344, 345, 345, 350, 353, 355, 361, 371]
[372, 374, 378, 379, 380, 381, 382, 385, 388, 391, 391, 392]
[394, 402, 403, 406, 408, 408, 409, 416, 417, 419, 421, 421]
[422, 424, 424, 426, 426, 427, 431, 433, 434, 435, 436, 437]
[442, 445, 449, 449, 451, 457, 464, 466, 468, 470, 470, 474]
[479, 481, 481, 483, 483, 486, 491, 491, 492, 493, 494, 494]
[498, 503, 505, 509, 510, 510, 510, 511, 517, 519, 521, 521]
[521, 523, 524, 524, 526, 526, 528, 528, 528, 529, 533, 534]
[534, 539, 541, 541, 543, 544, 544, 547, 551, 552, 553, 558]
[559, 561, 563, 570, 573, 574, 575, 577, 580, 580, 582, 582]
[585, 586, 587, 588, 589, 592, 593, 595, 598, 602, 602, 603]
[604, 608, 609, 613, 620, 622, 623, 625, 634, 642, 644, 646]
[646, 650, 652, 653, 654, 655, 656, 659, 665, 673, 673, 677]
[678, 679, 680, 683, 687, 689, 694, 696, 698, 703, 704, 707]
[709, 711, 714, 717, 717, 717, 718, 719, 720, 727, 727, 729]
[731, 736, 740, 742, 743, 744, 745, 750, 750, 752, 757, 757]
[758, 763, 771, 771, 774, 784, 786, 792, 800, 802, 803, 804]
[804, 807, 807, 808, 809, 810, 811, 812, 814, 816, 816, 816]
[816, 817, 819, 823, 824, 824, 824, 825, 826, 828, 829, 832]
[837, 838, 839, 841, 843, 844, 844, 846, 855, 866, 868, 871]
[874, 878, 880, 880, 880, 882, 888, 892, 895, 896, 897, 898]
[901, 903, 903, 904, 909, 911, 912, 913, 915, 922, 922, 929]
[932, 932, 933, 934, 937, 937, 937, 939, 941, 942, 946, 948]
[952, 957, 957, 960, 963, 966, 966, 966, 967, 969, 970, 971]
[976, 977, 977, 979, 979, 979, 981, 985, 988, 989, 990, 990]
[991, 992, 993, 993, 994, 994, 995]

Algorithm A Elapsed Time: 0 hrs : 0 mins : 0 sec : 41 ms : 673000 ns :